138753110
20131956
55260319
83929143
136641881
33995828
57573709
47388651
19889450
244388584
222302617
162895835
84580476
145344265
42166200
29876296
26327389
137143022
135442496
24965682
260657784
139033433
35113990
58815262
38553904
26207344
48792251
70249667
70138884
48581024
99187637
47685372
34274083
108879975
31335186
257851816
180674049
34923020
35226196
38315033
138759220
32290007
29760055
163738377
30319690
20755596
283997354
134646725
69446619
217156434
21753996
182303088
60815306
139795153
326850719
27467987
18518976
60061208
52126616
14840607
42932679
38123437
21886552
72783270
138094813
13818088
38956552
8121106
185064294
44960020
37504928
78704051
139391844
183420665
57457466
15528406
70268290
31335330
52596608
99529768
135816773
120021971
57426146
254505133
112565416
29311153
31650404
210901845
44269467
55361231
206847483
268105388
169987621
28857271
181658687
152957547
14327338
16047505
14661198
94893687
222564699
90134753
27894554
52518687
71991015
37738089
145803857
39387071
33415429
116562825
219267778
45489412
252925781
17836367
252925781
47862641
56027275
24954164
144024737
279917707
23774752
96978397
98211241
29576023
247512150
261211858
143073111
268471299
262025420
121556285
43220523
121200514
10374936
83675800
135789566
60415617
208421906
53516304
41251544
340936561
153274006
31092065
45386124
28586735
119001379
217679676
52223309
247182933
147162801
56589235
124526108
275939005
244476157
278104672
269495730
407598946
377173401
195047050
164768991
64021045
445266377
307948032
233648215
38200097
232814599
145510317
427664473
83846829
152807058
174815866
144088404
205215393
109583495
50639086
75546091
185436092
100039069
154061473
144148409
88983088
260603668
168024263
139954433
194550885
323811592
125207528
190611977
137798858
21601234
202965168
73602856
20857193
84190208
35476703
10961896
21338771
106034692
13014168
14681715
29318904
43910172
27586751
49890743
373287306
28867730
271148537
160853991
118949600
426488876
107836805
66509486
85419482
140057708
88796965
146132666
298327114
445994974
107693392
91160751
92305002
116177169
119644239
80455127
117012674
172709733
137222163
181477936
222272664
131292000
115778254
159986512
146255813
106572634
54104100
388556469
184621482
273244189
78801423
158618918
383896983
159963538
246375787
115910704
140413629
59668319
45728454
60709360
196608616
22092132
215503250
70157778
212259177
79843831
91647310
142649856
346269023
73728085
143492663
176255953
77342609
322709677
142331546
130187018
194029952
359583160
166627263
209624251
74240260
61086005
150335167
162349914
59021053
109463483
200482052
52130039
143864676
166681885
137176823
181728046
115890152
69529570
219902737
