31712689
138753110
20131956
55260319
83929143
136641881
33995828
57573709
47388651
19889450
244388584
222302617
162895835
84580476
145344265
42166200
29876296
26327389
137143022
135442496
24965682
260657784
139033433
35113990
58815262
38553904
26207344
48792251
70249667
70138884
48581024
99187637
47685372
34274083
108879975
31335186
257851816
180674049
34923020
35226196
38315033
138759220
32290007
29760055
163738377
30319690
20755596
283997354
134646725
69446619
217156434
21753996
182303088
60815306
139795153
326850719
27467987
18518976
60061208
52126616
14840607
42932679
38123437
21886552
72783270
138094813
13818088
38956552
8121106
185064294
44960020
37504928
78704051
139391844
183420665
57457466
15528406
70268290
31335330
52596608
99529768
135816773
120021971
57426146
254505133
112565416
29311153
31650404
210901845
44269467
55361231
206847483
268105388
169987621
28857271
181658687
152957547
14327338
16047505
14661198
94893687
222564699
90134753
27894554
52518687
71991015
37738089
145803857
39387071
33415429
116562825
219267778
45489412
252925781
17836367
252925781
47862641
56027275
24954164
144024737
279917707
23774752
96978397
98211241
29576023
247512150
261211858
143073111
268471299
262025420
121556285
43220523
121200514
10374936
83675800
135789566
60415617
208421906
53516304
41251544
340936561
153274006
31092065
45386124
28586735
119001379
217679676
